Heuristic settings: 	1	1	0	0.25	0.5	0.5	1	2	1	1	1
Proximal terms: [ pt u v phg def ]

LR:	0	-1.79769313486232e+308	1.79769313486232e+308	1e-08	86964.71658236	8061.89889202496	931.2135	0.526	GetLB()	28.549	Heuristic:	1	0	0	1e+100	1e+100	28.978
LR:	1	177688.639184096	0.00609820369145719	1e-08	947264.192458491	29966.867131725	5400	31.233
LR:	1	177688.639184096	1.24853751519331	0.0375	795702.784720107	25602.5776076796	4261.33998347685	32.22	GetLB()	76.592	Heuristic:	2	137988.421510691	205357062.463034	205357062.463034	84730133.4582512	86.26
