
Vars = 2400 (2400) ~ Max # = 500000 ~ Rfrsh = 500 ~ t* = 1 ~ Eps = 0.0001
t = 1e-08 in [1e-08, 100] ~ Incr = 10 | 1.5 | 0 ~ Decr = 0.1 | 0.66 | 3
m1 = -0.1 ~ m3 = 0.9 ~ tS = 12(0.01) ~ Pricing: 10 - 0 - 5
FiEps = 0.5 in [ 0.5 , 0.001 ] with decr = 0.9 (0)

{1-0-0-0} t = 1e-08 ~ D*_1( z* ) = 2181038.1116731 ~ Sigma = 1.79769313486232e+308
