Heuristic settings: 	1	1	0	0.25	0.5	0.5	1	2	1	1	1
Proximal terms: [ pt u v phg def ]

LR:	0	-1.79769313486232e+308	0	1e-008	0	0	0	Heuristic:	0	Cortes do modelo Ext.
	Heuristic:	1	0	0	1e+100	1e+100
LR:	1	1809366.72855914	0	1e-008	240.683767967702	11.4086172244181	1.44364126538767
LR:	1	1809366.72855914	0	15	240.683767967702	11.4086172244181	1.44364126538767